GITM2 log file
## Inputs from UAM.in
# Resart= F
# Eddy coef:   300.000 Eddy P0:     0.005 Eddy P1:     0.001
# Statistical Models Only:  F Apex:  F
# EUV Data:  F
# AMIE: none           
none                                                                                                
# Solar Heating:  T Joule Heating:  T Auroral Heating:  T
# NO Cooling:  T O Cooling:  T
# Conduction:  T Turbulent Conduction:  T
# Pressure Grad:  T Ion Drag:  T Neutral Drag:  T
# Viscosity:  T Coriolis:  T Gravity:  T
# Ion Chemistry:  T Ion Advection:  T Neutral Chemistry:  T
 
#START
   iStep yyyy mm dd hh mm ss  ms      dt min(T) max(T) mean(T) min(VV) max(VV) mean(VV) F107 F107A By Bz Vx HP HPn HPs SubsolarLon SubsolarLat SubsolarVTEC
       4 2002  3 18  0  0 14 381  4.7900    194.77798    932.45464    873.35800     -0.75426      0.38614      0.00317    150.0    150.0      0.0     -2.0    400.0      1.0      0.0      0.0   3.14055  -0.01682  -1.00000
       6 2002  3 18  0  0 23 953  4.7841    194.77409    932.43595    873.36742     -1.21665      0.52668      0.02083    150.0    150.0      0.0     -2.0    400.0      1.0      0.0      0.0   3.13985  -0.01682  -1.00000
       8 2002  3 18  0  0 33 514  4.7799    194.80839    932.42310    873.36971     -1.60311      0.65931      0.03854    150.0    150.0      0.0     -2.0    400.0      1.0      0.0      0.0   3.13916  -0.01682  -1.00000
      10 2002  3 18  0  0 43  72  4.7788    194.83939    932.42345    873.36969     -2.01608      0.80942      0.05471    150.0    150.0      0.0     -2.0    400.0      1.0      0.0      0.0   3.13846  -0.01682  -1.00000
      12 2002  3 18  0  0 52 630  4.7795    194.89747    932.43117    873.36904     -2.30655      0.95883      0.06853    150.0    150.0      0.0     -2.0    400.0      1.0      0.0      0.0   3.13777  -0.01682  -1.00000
      14 2002  3 18  0  1  2 193  4.7823    194.91680    932.44286    873.36820     -2.53212      1.10154      0.07913    150.0    150.0      0.0     -2.0    400.0      1.0      0.0      0.0   3.13707  -0.01682  -1.00000
      16 2002  3 18  0  1 11 761  4.7844    194.94571    932.45768    873.36723     -2.76773      1.23856      0.08594    150.0    150.0      0.0     -2.0    400.0      1.0      0.0      0.0   3.13637  -0.01682  -1.00000
      18 2002  3 18  0  1 21 334  4.7872    194.94301    932.47538    873.36588     -3.05828      1.37642      0.08847    150.0    150.0      0.0     -2.0    400.0      1.0      0.0      0.0   3.13568  -0.01682  -1.00000
      20 2002  3 18  0  1 30 911  4.7891    194.94548    932.49658    873.36373     -3.61863      1.50954      0.08600    150.0    150.0      0.0     -2.0    400.0      1.0      0.0      0.0   3.13498  -0.01682  -1.00000
      22 2002  3 18  0  1 40 493  4.7912    194.93082    932.52091    873.36005     -4.31414      1.65901      0.07859    150.0    150.0      0.0     -2.0    400.0      1.0      0.0      0.0   3.13428  -0.01682  -1.00000
      24 2002  3 18  0  1 50  77  4.7927    194.91204    932.54830    873.35391     -4.91960      1.81714      0.06669    150.0    150.0      0.0     -2.0    400.0      1.0      0.0      0.0   3.13359  -0.01681  -1.00000
      27 2002  3 18  0  2  4 459  4.7944    194.87538    932.59560    873.33763     -6.06640      2.05853      0.04084    150.0    150.0      0.0     -2.0    400.0      1.0      0.0      0.0   3.13254  -0.01681  -1.00000
      29 2002  3 18  0  2 14  47  4.7943    194.84745    932.63179    873.32047     -6.48357      2.21984      0.01970    150.0    150.0      0.0     -2.0    400.0      1.0      0.0      0.0   3.13184  -0.01681  -1.00000
      31 2002  3 18  0  2 23 636  4.7943    194.81612    932.67303    873.29688     -7.36362      2.35230     -0.00484    150.0    150.0      0.0     -2.0    400.0      1.0      0.0      0.0   3.13115  -0.01681  -1.00000
      33 2002  3 18  0  2 33 225  4.7946    194.78724    932.71631    873.26562     -8.42616      2.48103     -0.03289    150.0    150.0      0.0     -2.0    400.0      1.0      0.0      0.0   3.13045  -0.01681  -1.00000
      35 2002  3 18  0  2 42 815  4.7949    194.75434    932.75996    873.22562     -8.92929      2.59366     -0.06367    150.0    150.0      0.0     -2.0    400.0      1.0      0.0      0.0   3.12975  -0.01681  -1.00000
      37 2002  3 18  0  2 52 405  4.7955    194.72464    932.80120    873.17560     -9.82455      2.70658     -0.09905    150.0    150.0      0.0     -2.0    400.0      1.0      0.0      0.0   3.12905  -0.01681  -1.00000
      39 2002  3 18  0  3  1 997  4.7962    194.69948    932.83610    873.11437    -10.84540      2.79865     -0.13933    150.0    150.0      0.0     -2.0    400.0      1.0      0.0      0.0   3.12836  -0.01681  -1.00000
      41 2002  3 18  0  3 11 591  4.7968    194.67376    932.85949    873.04076    -11.55740      3.50294     -0.18522    150.0    150.0      0.0     -2.0    400.0      1.0      0.0      0.0   3.12766  -0.01681  -1.00000
      43 2002  3 18  0  3 21 184  4.7964    194.64745    932.86492    872.95347    -12.40505      3.85336     -0.24017    150.0    150.0      0.0     -2.0    400.0      1.0      0.0      0.0   3.12696  -0.01681  -1.00000
      45 2002  3 18  0  3 30 776  4.7959    194.62664    932.84469    872.85138    -13.81172      4.97712     -0.30573    150.0    150.0      0.0     -2.0    400.0      1.0      0.0      0.0   3.12626  -0.01681  -1.00000
      47 2002  3 18  0  3 40 366  4.7951    194.61239    932.78998    872.73342    -14.50716      5.58977     -0.38375    150.0    150.0      0.0     -2.0    400.0      1.0      0.0      0.0   3.12557  -0.01680  -1.00000
      50 2002  3 18  0  3 54 749  4.7937    194.59522    932.62109    872.52481    -16.32961      7.04293     -0.52622    150.0    150.0      0.0     -2.0    400.0      1.0      0.0      0.0   3.12452  -0.01680  -1.00000
      52 2002  3 18  0  4  4 335  4.7930    194.58387    932.43412    872.36366    -17.41090      8.11161     -0.64323    150.0    150.0      0.0     -2.0    400.0      1.0      0.0      0.0   3.12382  -0.01680  -1.00000
      54 2002  3 18  0  4 13 920  4.7924    194.57729    932.17359    872.18517    -18.86354      9.02109     -0.77818    150.0    150.0      0.0     -2.0    400.0      1.0      0.0      0.0   3.12313  -0.01680  -1.00000
      56 2002  3 18  0  4 23 504  4.7919    194.57677    931.82796    871.99052    -19.20346     10.38388     -0.92959    150.0    150.0      0.0     -2.0    400.0      1.0      0.0      0.0   3.12243  -0.01680  -1.00000
      58 2002  3 18  0  4 33  87  4.7913    194.57800    931.94009    871.78181    -21.62319     11.94604     -1.10329    150.0    150.0      0.0     -2.0    400.0      1.0      0.0      0.0   3.12173  -0.01680  -1.00000
      60 2002  3 18  0  4 42 669  4.7910    194.57471    932.65780    871.56346    -22.00867     12.73747     -1.29635    150.0    150.0      0.0     -2.0    400.0      1.0      0.0      0.0   3.12104  -0.01680  -1.00000
      62 2002  3 18  0  4 52 252  4.7912    194.56734    932.60053    871.34152    -24.28178     14.23403     -1.50806    150.0    150.0      0.0     -2.0    400.0      1.0      0.0      0.0   3.12034  -0.01680  -1.00000
